
0

0.000000000000000000e+00 inf inf inf inf inf inf inf inf inf inf 2.938322393999999855e+06 3.526913770000000019e+06 2.078164137000000104e+06 inf inf inf inf inf inf inf inf inf 2.535920262999999803e+06 inf inf 3.703591049999999814e+06 inf inf inf inf inf
inf 0.000000000000000000e+00 inf inf inf 5.061378035000000149e+06 inf inf inf inf inf inf inf inf inf inf 3.985197763999999966e+06 inf inf inf inf inf 4.755991750000000000e+06 inf inf inf inf 4.413619290000000037e+06 inf inf inf 4.788292223000000231e+06
inf inf 0.000000000000000000e+00 inf inf inf inf inf inf inf inf inf inf inf inf inf 4.723976842000000179e+06 inf inf inf inf inf inf inf inf inf inf inf inf 4.665033341000000015e+06 inf inf
inf inf inf 0.000000000000000000e+00 inf inf inf 4.358648064000000246e+06 inf inf inf inf inf inf inf inf inf inf inf inf 5.381108158999999985e+06 inf inf inf inf inf inf inf inf inf inf inf
inf inf inf inf 0.000000000000000000e+00 inf inf inf inf inf inf inf inf 4.531598733000000007e+06 inf inf inf inf inf inf inf inf inf inf inf inf 3.413796683000000194e+06 inf inf inf 3.555875399999999907e+06 inf
inf 5.061378035000000149e+06 inf inf inf 0.000000000000000000e+00 3.680855674000000115e+06 inf inf inf 5.160304240000000224e+06 inf inf inf inf inf 4.998505677000000142e+06 3.670073512999999803e+06 inf 2.917117949000000022e+06 inf inf inf inf inf inf inf inf inf 4.704915918999999762e+06 inf inf
inf inf inf inf inf 3.680855674000000115e+06 0.000000000000000000e+00 inf inf inf 2.107467726999999955e+06 inf inf inf inf inf inf 5.198694479999999749e+05 4.068068728999999817e+06 2.062197666999999899e+06 inf inf inf inf 3.611961529000000097e+06 inf inf inf inf inf inf inf
inf inf inf 4.358648064000000246e+06 inf inf inf 0.000000000000000000e+00 inf inf 4.883057973000000231e+06 inf inf inf inf inf inf inf 2.983170941999999806e+06 inf inf inf 3.765275202000000048e+06 inf 4.746095753999999724e+06 inf inf 4.631161029000000097e+06 inf inf inf inf
inf inf inf inf inf inf inf inf 0.000000000000000000e+00 inf inf 4.859181976999999955e+06 4.008200299000000115e+06 inf inf inf inf inf inf inf 1.812098132999999914e+06 inf inf inf inf 4.518615150999999605e+06 inf inf inf inf inf inf
inf inf inf inf inf inf inf inf inf 0.000000000000000000e+00 inf inf inf inf inf inf inf inf inf inf inf inf inf inf inf 3.085429231999999844e+06 inf inf inf inf inf inf
inf inf inf inf inf 5.160304240000000224e+06 2.107467726999999955e+06 4.883057973000000231e+06 inf inf 0.000000000000000000e+00 inf inf inf inf inf inf 1.753450297000000020e+06 2.018852252000000095e+06 4.126334995000000112e+06 inf inf 3.745821589999999851e+06 inf 3.043343810000000056e+06 inf inf 5.444201810999999754e+06 inf inf inf inf
2.938322393999999855e+06 inf inf inf inf inf inf inf 4.859181976999999955e+06 inf inf 0.000000000000000000e+00 9.246268270000000484e+05 4.431020991000000387e+06 inf inf inf inf inf inf inf inf inf 5.264160783999999985e+06 inf 4.469113197999999858e+06 inf inf inf inf inf inf
3.526913770000000019e+06 inf inf inf inf inf inf inf 4.008200299000000115e+06 inf inf 9.246268270000000484e+05 0.000000000000000000e+00 5.185839429999999702e+06 inf inf inf inf inf inf inf inf inf inf inf 4.276848252999999560e+06 inf inf inf inf inf inf
2.078164137000000104e+06 inf inf inf 4.531598733000000007e+06 inf inf inf inf inf inf 4.431020991000000387e+06 5.185839429999999702e+06 0.000000000000000000e+00 inf inf inf inf inf inf inf inf inf 2.213448237999999896e+06 inf inf 1.658925070999999996e+06 inf inf inf 4.471873735999999568e+06 inf
inf inf inf inf inf inf inf inf inf inf inf inf inf inf 0.000000000000000000e+00 1.640986870000000112e+06 inf inf inf inf inf 3.254802512999999803e+06 inf 4.369507673999999650e+06 inf inf inf inf inf inf inf inf
inf inf inf inf inf inf inf inf inf inf inf inf inf inf 1.640986870000000112e+06 0.000000000000000000e+00 inf inf inf inf inf 1.987245820000000065e+06 inf inf inf inf inf inf inf inf inf inf
inf 3.985197763999999966e+06 4.723976842000000179e+06 inf inf 4.998505677000000142e+06 inf inf inf inf inf inf inf inf inf inf 0.000000000000000000e+00 inf inf inf inf inf inf inf inf inf inf inf inf 2.902784882999999914e+06 inf inf
inf inf inf inf inf 3.670073512999999803e+06 5.198694479999999749e+05 inf inf inf 1.753450297000000020e+06 inf inf inf inf inf inf 0.000000000000000000e+00 3.730137336999999825e+06 2.467024973000000231e+06 inf inf 5.048625436999999918e+06 inf 3.720681967999999877e+06 inf inf inf inf inf inf inf
inf inf inf inf inf inf 4.068068728999999817e+06 2.983170941999999806e+06 inf inf 2.018852252000000095e+06 inf inf inf inf inf inf 3.730137336999999825e+06 0.000000000000000000e+00 inf inf inf 2.618336336999999825e+06 inf 3.358979171999999788e+06 inf inf 4.345510042000000365e+06 inf inf inf inf
inf inf inf inf inf 2.917117949000000022e+06 2.062197666999999899e+06 inf inf inf 4.126334995000000112e+06 inf inf inf inf inf inf 2.467024973000000231e+06 inf 0.000000000000000000e+00 inf inf inf inf 4.894004216000000015e+06 inf inf inf inf inf inf inf
inf inf inf 5.381108158999999985e+06 inf inf inf inf 1.812098132999999914e+06 inf inf inf inf inf inf inf inf inf inf inf 0.000000000000000000e+00 inf inf inf inf inf inf inf inf inf inf inf
inf inf inf inf inf inf inf inf inf inf inf inf inf inf 3.254802512999999803e+06 1.987245820000000065e+06 inf inf inf inf inf 0.000000000000000000e+00 inf inf inf inf inf inf inf inf inf inf
inf 4.755991750000000000e+06 inf inf inf inf inf 3.765275202000000048e+06 inf inf 3.745821589999999851e+06 inf inf inf inf inf inf 5.048625436999999918e+06 2.618336336999999825e+06 inf inf inf 0.000000000000000000e+00 inf inf inf inf 1.824252631999999983e+06 inf inf inf 4.604892821000000462e+06
2.535920262999999803e+06 inf inf inf inf inf inf inf inf inf inf 5.264160783999999985e+06 inf 2.213448237999999896e+06 4.369507673999999650e+06 inf inf inf inf inf inf inf inf 0.000000000000000000e+00 inf inf 3.026666549000000115e+06 inf inf inf 4.896979763000000268e+06 inf
inf inf inf inf inf inf 3.611961529000000097e+06 4.746095753999999724e+06 inf inf 3.043343810000000056e+06 inf inf inf inf inf inf 3.720681967999999877e+06 3.358979171999999788e+06 4.894004216000000015e+06 inf inf inf inf 0.000000000000000000e+00 inf inf inf inf inf inf inf
inf inf inf inf inf inf inf inf 4.518615150999999605e+06 3.085429231999999844e+06 inf 4.469113197999999858e+06 4.276848252999999560e+06 inf inf inf inf inf inf inf inf inf inf inf inf 0.000000000000000000e+00 inf inf inf inf inf inf
3.703591049999999814e+06 inf inf inf 3.413796683000000194e+06 inf inf inf inf inf inf inf inf 1.658925070999999996e+06 inf inf inf inf inf inf inf inf inf 3.026666549000000115e+06 inf inf 0.000000000000000000e+00 inf inf inf 2.940804464000000153e+06 inf
inf 4.413619290000000037e+06 inf inf inf inf inf 4.631161029000000097e+06 inf inf 5.444201810999999754e+06 inf inf inf inf inf inf inf 4.345510042000000365e+06 inf inf inf 1.824252631999999983e+06 inf inf inf inf 0.000000000000000000e+00 inf inf inf 2.933062936999999918e+06
inf inf inf inf inf inf inf inf inf inf inf inf inf inf inf inf inf inf inf inf inf inf inf inf inf inf inf inf 0.000000000000000000e+00 inf 3.794916373000000138e+06 inf
inf inf 4.665033341000000015e+06 inf inf 4.704915918999999762e+06 inf inf inf inf inf inf inf inf inf inf 2.902784882999999914e+06 inf inf inf inf inf inf inf inf inf inf inf inf 0.000000000000000000e+00 inf inf
inf inf inf inf 3.555875399999999907e+06 inf inf inf inf inf inf inf inf 4.471873735999999568e+06 inf inf inf inf inf inf inf inf inf 4.896979763000000268e+06 inf inf 2.940804464000000153e+06 inf 3.794916373000000138e+06 inf 0.000000000000000000e+00 inf
inf 4.788292223000000231e+06 inf inf inf inf inf inf inf inf inf inf inf inf inf inf inf inf inf inf inf inf 4.604892821000000462e+06 inf inf inf inf 2.933062936999999918e+06 inf inf inf 0.000000000000000000e+00

10

0.000000000000000000e+00 inf inf inf inf inf inf inf inf inf inf 2.979859683000000194e+06 3.391732887999999803e+06 2.224846007000000216e+06 inf inf inf inf inf inf inf inf inf 2.562749129000000190e+06 inf inf 3.756306541999999899e+06 inf inf inf inf inf
inf 0.000000000000000000e+00 inf inf inf 5.017340165000000037e+06 inf inf inf inf inf inf inf inf inf inf 3.978466938000000082e+06 inf inf inf inf inf 4.717090957999999635e+06 inf inf inf inf 4.370598319000000134e+06 inf inf inf 4.752772149000000209e+06
inf inf 0.000000000000000000e+00 inf inf inf inf inf inf inf inf inf inf inf inf inf 4.863850533999999985e+06 inf inf inf inf inf inf inf inf inf inf inf inf 4.772883001000000164e+06 inf inf
inf inf inf 0.000000000000000000e+00 inf inf inf 4.370944826000000350e+06 inf inf inf inf inf inf inf inf inf inf inf inf 5.394602133999999613e+06 inf inf inf inf inf inf inf inf inf inf inf
inf inf inf inf 0.000000000000000000e+00 inf inf inf inf inf inf inf inf 4.309527678999999538e+06 inf inf inf inf inf inf inf inf inf inf inf inf 3.411015304000000004e+06 inf inf inf 3.610461898000000045e+06 inf
inf 5.017340165000000037e+06 inf inf inf 0.000000000000000000e+00 3.662804100999999791e+06 inf inf inf 5.089151565000000410e+06 inf inf inf inf inf 4.984324173000000417e+06 3.661939155999999959e+06 inf 2.888360143999999855e+06 inf inf inf inf inf inf inf inf inf 4.703523936999999918e+06 inf inf
inf inf inf inf inf 3.662804100999999791e+06 0.000000000000000000e+00 inf inf inf 1.990267131000000052e+06 inf inf inf inf inf inf 5.119560260000000126e+05 4.069143927000000142e+06 2.062015580000000075e+06 inf inf 5.392882425999999978e+06 inf 3.624780518999999855e+06 inf inf inf inf inf inf inf
inf inf inf 4.370944826000000350e+06 inf inf inf 0.000000000000000000e+00 inf inf 4.973802941999999806e+06 inf inf inf inf inf inf inf 2.987703972000000067e+06 inf inf inf 3.800754040000000037e+06 inf 4.815204439000000246e+06 inf inf 4.622972684999999590e+06 inf inf inf inf
inf inf inf inf inf inf inf inf 0.000000000000000000e+00 inf inf 4.636519320000000298e+06 4.010004475999999791e+06 inf inf inf inf inf inf inf 1.904106585999999894e+06 inf inf inf inf 4.365594394000000320e+06 inf inf inf inf inf inf
inf inf inf inf inf inf inf inf inf 0.000000000000000000e+00 inf inf inf inf inf inf inf inf inf inf inf inf inf inf inf 3.099120884000000078e+06 inf inf inf inf inf inf
inf inf inf inf inf 5.089151565000000410e+06 1.990267131000000052e+06 4.973802941999999806e+06 inf inf 0.000000000000000000e+00 inf inf inf inf inf inf 1.648566804000000004e+06 2.128726023000000045e+06 4.011541367000000086e+06 inf inf 3.742457646999999881e+06 inf 3.056871927000000142e+06 inf inf 5.442063786999999546e+06 inf inf inf inf
2.979859683000000194e+06 inf inf inf inf inf inf inf 4.636519320000000298e+06 inf inf 0.000000000000000000e+00 6.811249880000000121e+05 4.478527211000000127e+06 inf inf inf inf inf inf inf inf inf 5.328147268000000156e+06 inf 4.566120220999999903e+06 inf inf inf inf inf inf
3.391732887999999803e+06 inf inf inf inf inf inf inf 4.010004475999999791e+06 inf inf 6.811249880000000121e+05 0.000000000000000000e+00 5.043417491999999620e+06 inf inf inf inf inf inf inf inf inf inf inf 4.406257786000000313e+06 inf inf inf inf inf inf
2.224846007000000216e+06 inf inf inf 4.309527678999999538e+06 inf inf inf inf inf inf 4.478527211000000127e+06 5.043417491999999620e+06 0.000000000000000000e+00 inf inf inf inf inf inf inf inf inf 2.457059966000000015e+06 inf inf 1.598328547999999952e+06 inf inf inf 4.491743549999999814e+06 inf
inf inf inf inf inf inf inf inf inf inf inf inf inf inf 0.000000000000000000e+00 1.641422280999999959e+06 inf inf inf inf inf 3.135079328999999911e+06 inf 4.366150739000000060e+06 inf inf inf inf inf inf inf inf
inf inf inf inf inf inf inf inf inf inf inf inf inf inf 1.641422280999999959e+06 0.000000000000000000e+00 inf inf inf inf inf 1.907626848999999929e+06 inf inf inf inf inf inf inf inf inf inf
inf 3.978466938000000082e+06 4.863850533999999985e+06 inf inf 4.984324173000000417e+06 inf inf inf inf inf inf inf inf inf inf 0.000000000000000000e+00 inf inf inf inf inf inf inf inf inf inf inf inf 2.897190112000000197e+06 inf inf
inf inf inf inf inf 3.661939155999999959e+06 5.119560260000000126e+05 inf inf inf 1.648566804000000004e+06 inf inf inf inf inf inf 0.000000000000000000e+00 3.729934810000000056e+06 2.464024026000000071e+06 inf inf 4.927055036000000313e+06 inf 3.737586791000000201e+06 inf inf inf inf inf inf inf
inf inf inf inf inf inf 4.069143927000000142e+06 2.987703972000000067e+06 inf inf 2.128726023000000045e+06 inf inf inf inf inf inf 3.729934810000000056e+06 0.000000000000000000e+00 inf inf inf 2.519554680999999866e+06 inf 3.459877936999999918e+06 inf inf 4.238321122999999672e+06 inf inf inf inf
inf inf inf inf inf 2.888360143999999855e+06 2.062015580000000075e+06 inf inf inf 4.011541367000000086e+06 inf inf inf inf inf inf 2.464024026000000071e+06 inf 0.000000000000000000e+00 inf inf inf inf 4.869944264000000432e+06 inf inf inf inf inf inf inf
inf inf inf 5.394602133999999613e+06 inf inf inf inf 1.904106585999999894e+06 inf inf inf inf inf inf inf inf inf inf inf 0.000000000000000000e+00 inf inf inf inf inf inf inf inf inf inf inf
inf inf inf inf inf inf inf inf inf inf inf inf inf inf 3.135079328999999911e+06 1.907626848999999929e+06 inf inf inf inf inf 0.000000000000000000e+00 inf inf inf inf inf inf inf inf inf inf
inf 4.717090957999999635e+06 inf inf inf inf 5.392882425999999978e+06 3.800754040000000037e+06 inf inf 3.742457646999999881e+06 inf inf inf inf inf inf 4.927055036000000313e+06 2.519554680999999866e+06 inf inf inf 0.000000000000000000e+00 inf inf inf inf 1.824373912000000011e+06 inf inf inf 4.596539330000000075e+06
2.562749129000000190e+06 inf inf inf inf inf inf inf inf inf inf 5.328147268000000156e+06 inf 2.457059966000000015e+06 4.366150739000000060e+06 inf inf inf inf inf inf inf inf 0.000000000000000000e+00 inf inf 3.046158884000000078e+06 inf inf inf 4.968380519999999553e+06 inf
inf inf inf inf inf inf 3.624780518999999855e+06 4.815204439000000246e+06 inf inf 3.056871927000000142e+06 inf inf inf inf inf inf 3.737586791000000201e+06 3.459877936999999918e+06 4.869944264000000432e+06 inf inf inf inf 0.000000000000000000e+00 inf inf inf inf inf inf inf
inf inf inf inf inf inf inf inf 4.365594394000000320e+06 3.099120884000000078e+06 inf 4.566120220999999903e+06 4.406257786000000313e+06 inf inf inf inf inf inf inf inf inf inf inf inf 0.000000000000000000e+00 inf inf inf inf inf inf
3.756306541999999899e+06 inf inf inf 3.411015304000000004e+06 inf inf inf inf inf inf inf inf 1.598328547999999952e+06 inf inf inf inf inf inf inf inf inf 3.046158884000000078e+06 inf inf 0.000000000000000000e+00 inf inf inf 2.985537354999999981e+06 inf
inf 4.370598319000000134e+06 inf inf inf inf inf 4.622972684999999590e+06 inf inf 5.442063786999999546e+06 inf inf inf inf inf inf inf 4.238321122999999672e+06 inf inf inf 1.824373912000000011e+06 inf inf inf inf 0.000000000000000000e+00 inf inf inf 2.924388773000000045e+06
inf inf inf inf inf inf inf inf inf inf inf inf inf inf inf inf inf inf inf inf inf inf inf inf inf inf inf inf 0.000000000000000000e+00 inf 3.801413621999999974e+06 inf
inf inf 4.772883001000000164e+06 inf inf 4.703523936999999918e+06 inf inf inf inf inf inf inf inf inf inf 2.897190112000000197e+06 inf inf inf inf inf inf inf inf inf inf inf inf 0.000000000000000000e+00 inf inf
inf inf inf inf 3.610461898000000045e+06 inf inf inf inf inf inf inf inf 4.491743549999999814e+06 inf inf inf inf inf inf inf inf inf 4.968380519999999553e+06 inf inf 2.985537354999999981e+06 inf 3.801413621999999974e+06 inf 0.000000000000000000e+00 inf
inf 4.752772149000000209e+06 inf inf inf inf inf inf inf inf inf inf inf inf inf inf inf inf inf inf inf inf 4.596539330000000075e+06 inf inf inf inf 2.924388773000000045e+06 inf inf inf 0.000000000000000000e+00

20

0.000000000000000000e+00 inf inf inf inf inf inf inf inf inf inf 2.774255794999999925e+06 3.381345285000000149e+06 2.084242489000000060e+06 inf inf inf inf inf inf inf inf inf 2.592754890999999829e+06 inf inf 3.634541452000000048e+06 inf inf inf inf inf
inf 0.000000000000000000e+00 inf inf inf 4.972887964999999851e+06 inf inf inf inf inf inf inf inf inf inf 3.971651174999999814e+06 inf inf inf inf inf 4.678141165000000037e+06 inf inf inf inf 4.327205208999999799e+06 inf inf inf 4.716696782999999821e+06
inf inf 0.000000000000000000e+00 inf inf inf inf inf inf inf inf inf inf inf inf inf 4.770074885999999940e+06 inf inf inf inf inf inf inf inf inf inf inf inf 4.705657286000000313e+06 inf inf
inf inf inf 0.000000000000000000e+00 inf inf inf 4.383159963000000454e+06 inf inf inf inf inf inf inf inf inf inf inf inf 5.407603400000000373e+06 inf inf inf inf inf inf inf inf inf inf inf
inf inf inf inf 0.000000000000000000e+00 inf inf inf inf inf inf inf inf 4.532962525999999605e+06 inf inf inf inf inf inf inf inf inf inf inf inf 3.431072820999999996e+06 inf inf inf 3.467702813000000082e+06 inf
inf 4.972887964999999851e+06 inf inf inf 0.000000000000000000e+00 3.644817516999999993e+06 inf inf inf 5.018781781999999657e+06 inf inf inf inf inf 4.969928411000000313e+06 3.653869603999999817e+06 inf 2.859374222000000067e+06 inf inf inf inf inf inf inf inf inf 4.702127401999999769e+06 inf inf
inf inf inf inf inf 3.644817516999999993e+06 0.000000000000000000e+00 inf inf inf 1.874506191000000108e+06 inf inf inf inf inf inf 5.041209469999999856e+05 4.071582828999999911e+06 2.061838240999999922e+06 inf inf 5.267401729000000283e+06 inf 3.640685774000000209e+06 inf inf inf inf inf inf inf
inf inf inf 4.383159963000000454e+06 inf inf inf 0.000000000000000000e+00 inf inf 5.064816713999999687e+06 inf inf inf inf inf inf inf 2.992996467000000179e+06 inf inf inf 3.839544171999999788e+06 inf 4.883989355000000447e+06 inf inf 4.617829553999999538e+06 inf inf inf inf
inf inf inf inf inf inf inf inf 0.000000000000000000e+00 inf inf 4.638990633000000380e+06 3.783936717000000179e+06 inf inf inf inf inf inf inf 1.996133272000000114e+06 inf inf inf inf 4.230858533999999985e+06 inf inf inf inf inf inf
inf inf inf inf inf inf inf inf inf 0.000000000000000000e+00 inf inf inf inf inf inf inf inf inf inf inf inf inf inf inf 3.138150231999999844e+06 inf inf inf inf inf inf
inf inf inf inf inf 5.018781781999999657e+06 1.874506191000000108e+06 5.064816713999999687e+06 inf inf 0.000000000000000000e+00 inf inf inf inf inf inf 1.546436770000000019e+06 2.242095208999999799e+06 3.897142026999999769e+06 inf inf 3.739150737999999896e+06 inf 3.070776841000000015e+06 inf inf 5.439956036000000313e+06 inf inf inf inf
2.774255794999999925e+06 inf inf inf inf inf inf inf 4.638990633000000380e+06 inf inf 0.000000000000000000e+00 9.250120600000000559e+05 4.320505046000000089e+06 inf inf inf inf inf inf inf inf inf 5.163117166000000201e+06 inf 4.751981541000000201e+06 inf inf inf inf inf inf
3.381345285000000149e+06 inf inf inf inf inf inf inf 3.783936717000000179e+06 inf inf 9.250120600000000559e+05 0.000000000000000000e+00 5.086660605000000447e+06 inf inf inf inf inf inf inf inf inf inf inf 4.491996875000000000e+06 inf inf inf inf inf inf
2.084242489000000060e+06 inf inf inf 4.532962525999999605e+06 inf inf inf inf inf inf 4.320505046000000089e+06 5.086660605000000447e+06 0.000000000000000000e+00 inf inf inf inf inf inf inf inf inf 2.228981822999999858e+06 inf inf 1.581519581999999937e+06 inf inf inf 4.384140093000000343e+06 inf
inf inf inf inf inf inf inf inf inf inf inf inf inf inf 0.000000000000000000e+00 1.641853620000000112e+06 inf inf inf inf inf 3.205606842000000179e+06 inf 4.363716797000000253e+06 inf inf inf inf inf inf inf inf
inf inf inf inf inf inf inf inf inf inf inf inf inf inf 1.641853620000000112e+06 0.000000000000000000e+00 inf inf inf inf inf 1.954415436999999918e+06 inf inf inf inf inf inf inf inf inf inf
inf 3.971651174999999814e+06 4.770074885999999940e+06 inf inf 4.969928411000000313e+06 inf inf inf inf inf inf inf inf inf inf 0.000000000000000000e+00 inf inf inf inf inf inf inf inf inf inf inf inf 2.891313344000000041e+06 inf inf
inf inf inf inf inf 3.653869603999999817e+06 5.041209469999999856e+05 inf inf inf 1.546436770000000019e+06 inf inf inf inf inf inf 0.000000000000000000e+00 3.730691152999999933e+06 2.461066151999999769e+06 inf inf 4.805057492999999784e+06 inf 3.756982938999999780e+06 inf inf inf inf inf inf inf
inf inf inf inf inf inf 4.071582828999999911e+06 2.992996467000000179e+06 inf inf 2.242095208999999799e+06 inf inf inf inf inf inf 3.730691152999999933e+06 0.000000000000000000e+00 inf inf inf 2.419407615999999922e+06 inf 3.565299216000000015e+06 inf inf 4.127691453999999911e+06 inf inf inf inf
inf inf inf inf inf 2.859374222000000067e+06 2.061838240999999922e+06 inf inf inf 3.897142026999999769e+06 inf inf inf inf inf inf 2.461066151999999769e+06 inf 0.000000000000000000e+00 inf inf inf inf 4.848187360000000335e+06 inf inf inf inf inf inf inf
inf inf inf 5.407603400000000373e+06 inf inf inf inf 1.996133272000000114e+06 inf inf inf inf inf inf inf inf inf inf inf 0.000000000000000000e+00 inf inf inf inf 5.432105649000000209e+06 inf inf inf inf inf inf
inf inf inf inf inf inf inf inf inf inf inf inf inf inf 3.205606842000000179e+06 1.954415436999999918e+06 inf inf inf inf inf 0.000000000000000000e+00 inf inf inf inf inf inf inf inf inf inf
inf 4.678141165000000037e+06 inf inf inf inf 5.267401729000000283e+06 3.839544171999999788e+06 inf inf 3.739150737999999896e+06 inf inf inf inf inf inf 4.805057492999999784e+06 2.419407615999999922e+06 inf inf inf 0.000000000000000000e+00 inf inf inf inf 1.824491391000000061e+06 inf inf inf 4.588181724999999627e+06
2.592754890999999829e+06 inf inf inf inf inf inf inf inf inf inf 5.163117166000000201e+06 inf 2.228981822999999858e+06 4.363716797000000253e+06 inf inf inf inf inf inf inf inf 0.000000000000000000e+00 inf inf 2.983992336999999825e+06 inf inf inf 4.806045416000000201e+06 inf
inf inf inf inf inf inf 3.640685774000000209e+06 4.883989355000000447e+06 inf inf 3.070776841000000015e+06 inf inf inf inf inf inf 3.756982938999999780e+06 3.565299216000000015e+06 4.848187360000000335e+06 inf inf inf inf 0.000000000000000000e+00 inf inf inf inf inf inf inf
inf inf inf inf inf inf inf inf 4.230858533999999985e+06 3.138150231999999844e+06 inf 4.751981541000000201e+06 4.491996875000000000e+06 inf inf inf inf inf inf inf 5.432105649000000209e+06 inf inf inf inf 0.000000000000000000e+00 inf inf inf inf inf inf
3.634541452000000048e+06 inf inf inf 3.431072820999999996e+06 inf inf inf inf inf inf inf inf 1.581519581999999937e+06 inf inf inf inf inf inf inf inf inf 2.983992336999999825e+06 inf inf 0.000000000000000000e+00 inf inf inf 2.926320399999999907e+06 inf
inf 4.327205208999999799e+06 inf inf inf inf inf 4.617829553999999538e+06 inf inf 5.439956036000000313e+06 inf inf inf inf inf inf inf 4.127691453999999911e+06 inf inf inf 1.824491391000000061e+06 inf inf inf inf 0.000000000000000000e+00 inf inf inf 2.915713655999999959e+06
inf inf inf inf inf inf inf inf inf inf inf inf inf inf inf inf inf inf inf inf inf inf inf inf inf inf inf inf 0.000000000000000000e+00 inf 3.791304234000000171e+06 inf
inf inf 4.705657286000000313e+06 inf inf 4.702127401999999769e+06 inf inf inf inf inf inf inf inf inf inf 2.891313344000000041e+06 inf inf inf inf inf inf inf inf inf inf inf inf 0.000000000000000000e+00 inf inf
inf inf inf inf 3.467702813000000082e+06 inf inf inf inf inf inf inf inf 4.384140093000000343e+06 inf inf inf inf inf inf inf inf inf 4.806045416000000201e+06 inf inf 2.926320399999999907e+06 inf 3.791304234000000171e+06 inf 0.000000000000000000e+00 inf
inf 4.716696782999999821e+06 inf inf inf inf inf inf inf inf inf inf inf inf inf inf inf inf inf inf inf inf 4.588181724999999627e+06 inf inf inf inf 2.915713655999999959e+06 inf inf inf 0.000000000000000000e+00

30

0.000000000000000000e+00 inf inf inf inf inf inf inf inf inf inf 2.851421655999999959e+06 3.317925606000000145e+06 2.011298962999999989e+06 inf inf inf inf inf inf inf inf inf 2.629653276000000071e+06 inf inf 3.486716063000000082e+06 inf inf inf inf inf
inf 0.000000000000000000e+00 inf inf inf 4.928021048000000417e+06 inf inf inf inf inf inf inf inf inf inf 3.964754899999999907e+06 inf inf inf inf inf 4.550411561999999918e+06 inf inf inf inf 4.283449802000000142e+06 inf inf inf 4.516918979000000283e+06
inf inf 0.000000000000000000e+00 inf inf inf inf inf inf inf inf inf inf inf inf inf 4.676109830000000075e+06 inf inf inf inf inf inf inf inf inf inf inf inf 4.638620746000000276e+06 inf inf
inf inf inf 0.000000000000000000e+00 inf inf inf 4.395295701999999583e+06 inf inf inf inf inf inf inf inf inf inf inf inf 5.420105189000000246e+06 inf inf inf inf inf inf inf inf inf inf inf
inf inf inf inf 0.000000000000000000e+00 inf inf inf inf inf inf inf inf 4.312418541000000201e+06 inf inf inf inf inf inf inf inf inf inf inf inf 3.426935614000000060e+06 inf inf inf 3.519633944999999832e+06 inf
inf 4.928021048000000417e+06 inf inf inf 0.000000000000000000e+00 3.626898989000000060e+06 inf inf inf 4.949257682000000030e+06 inf inf inf inf inf 4.955327542000000365e+06 3.645866808999999892e+06 inf 2.830161774000000209e+06 inf inf inf inf inf inf inf inf inf 4.700724498999999836e+06 inf inf
inf inf inf inf inf 3.626898989000000060e+06 0.000000000000000000e+00 inf inf inf 1.760531746000000043e+06 inf inf inf inf inf inf 4.963790559999999823e+05 4.075166273000000045e+06 2.061666087000000058e+06 inf inf 5.116027766999999993e+06 inf 3.659631503000000026e+06 inf inf inf inf inf inf inf
inf inf inf 4.395295701999999583e+06 inf inf inf 0.000000000000000000e+00 inf inf 5.156045083999999799e+06 inf inf inf inf inf inf inf 2.999454842999999877e+06 inf inf inf 3.973566404000000097e+06 inf 4.952438983000000007e+06 inf inf 4.615747791000000201e+06 inf inf inf inf
inf inf inf inf inf inf inf inf 0.000000000000000000e+00 inf inf 4.642088016999999993e+06 4.014786507000000216e+06 inf inf inf inf inf inf inf 1.848298522000000114e+06 inf inf inf inf 4.287800298000000417e+06 inf inf inf inf inf inf
inf inf inf inf inf inf inf inf inf 0.000000000000000000e+00 inf inf inf inf inf inf inf inf inf inf inf inf inf inf inf 3.121504007000000216e+06 inf inf inf inf inf inf
inf inf inf inf inf 4.949257682000000030e+06 1.760531746000000043e+06 5.156045083999999799e+06 inf inf 0.000000000000000000e+00 inf inf inf inf inf inf 1.447691432000000030e+06 2.358791143000000156e+06 3.783231992999999784e+06 inf inf 3.730925322999999858e+06 inf 3.085051171999999788e+06 inf inf 5.437882786999999546e+06 inf inf inf inf
2.851421655999999959e+06 inf inf inf inf inf inf inf 4.642088016999999993e+06 inf inf 0.000000000000000000e+00 6.814279790000000503e+05 4.371101425999999978e+06 inf inf inf inf inf inf inf inf inf 5.226979433000000194e+06 inf 4.675427191999999806e+06 inf inf inf inf inf inf
3.317925606000000145e+06 inf inf inf inf inf inf inf 4.014786507000000216e+06 inf inf 6.814279790000000503e+05 0.000000000000000000e+00 4.944870023000000045e+06 inf inf inf inf inf inf inf inf inf inf inf 4.491754598000000231e+06 inf inf inf inf inf inf
2.011298962999999989e+06 inf inf inf 4.312418541000000201e+06 inf inf inf inf inf inf 4.371101425999999978e+06 4.944870023000000045e+06 0.000000000000000000e+00 inf inf inf inf inf inf inf inf inf 2.472636365000000224e+06 inf inf 1.519068800000000047e+06 inf inf inf 4.405621325000000186e+06 inf
inf inf inf inf inf inf inf inf inf inf inf inf inf inf 0.000000000000000000e+00 1.397767867000000086e+06 inf inf inf inf inf 3.086685094000000041e+06 inf 4.360505179999999702e+06 inf inf inf inf inf inf inf inf
inf inf inf inf inf inf inf inf inf inf inf inf inf inf 1.397767867000000086e+06 0.000000000000000000e+00 inf inf inf inf inf 2.003771762000000104e+06 inf inf inf inf inf inf inf inf inf inf
inf 3.964754899999999907e+06 4.676109830000000075e+06 inf inf 4.955327542000000365e+06 inf inf inf inf inf inf inf inf inf inf 0.000000000000000000e+00 inf inf inf inf inf inf inf inf inf inf inf inf 2.885148731999999844e+06 inf inf
inf inf inf inf inf 3.645866808999999892e+06 4.963790559999999823e+05 inf inf inf 1.447691432000000030e+06 inf inf inf inf inf inf 0.000000000000000000e+00 3.732220995999999810e+06 2.458161109999999870e+06 inf inf 4.654319440000000410e+06 inf 3.778823950999999885e+06 inf inf inf inf inf inf inf
inf inf inf inf inf inf 4.075166273000000045e+06 2.999454842999999877e+06 inf inf 2.358791143000000156e+06 inf inf inf inf inf inf 3.732220995999999810e+06 0.000000000000000000e+00 inf inf inf 2.372661330000000075e+06 inf 3.675123837999999989e+06 inf inf 4.013716194000000134e+06 inf inf inf inf
inf inf inf inf inf 2.830161774000000209e+06 2.061666087000000058e+06 inf inf inf 3.783231992999999784e+06 inf inf inf inf inf inf 2.458161109999999870e+06 inf 0.000000000000000000e+00 inf inf inf inf 4.828775626000000164e+06 inf inf inf inf inf inf inf
inf inf inf 5.420105189000000246e+06 inf inf inf inf 1.848298522000000114e+06 inf inf inf inf inf inf inf inf inf inf inf 0.000000000000000000e+00 inf inf inf inf 5.424701457999999635e+06 inf inf inf inf inf inf
inf inf inf inf inf inf inf inf inf inf inf inf inf inf 3.086685094000000041e+06 2.003771762000000104e+06 inf inf inf inf inf 0.000000000000000000e+00 inf inf inf inf inf inf inf inf inf inf
inf 4.550411561999999918e+06 inf inf inf inf 5.116027766999999993e+06 3.973566404000000097e+06 inf inf 3.730925322999999858e+06 inf inf inf inf inf inf 4.654319440000000410e+06 2.372661330000000075e+06 inf inf inf 0.000000000000000000e+00 inf inf inf inf 1.810671290000000037e+06 inf inf inf 4.579831842000000179e+06
2.629653276000000071e+06 inf inf inf inf inf inf inf inf inf inf 5.226979433000000194e+06 inf 2.472636365000000224e+06 4.360505179999999702e+06 inf inf inf inf inf inf inf inf 0.000000000000000000e+00 inf inf 3.001451858000000007e+06 inf inf inf 4.877855790000000037e+06 inf
inf inf inf inf inf inf 3.659631503000000026e+06 4.952438983000000007e+06 inf inf 3.085051171999999788e+06 inf inf inf inf inf inf 3.778823950999999885e+06 3.675123837999999989e+06 4.828775626000000164e+06 inf inf inf inf 0.000000000000000000e+00 inf inf inf inf inf inf inf
inf inf inf inf inf inf inf inf 4.287800298000000417e+06 3.121504007000000216e+06 inf 4.675427191999999806e+06 4.491754598000000231e+06 inf inf inf inf inf inf inf 5.424701457999999635e+06 inf inf inf inf 0.000000000000000000e+00 inf inf inf inf inf inf
3.486716063000000082e+06 inf inf inf 3.426935614000000060e+06 inf inf inf inf inf inf inf inf 1.519068800000000047e+06 inf inf inf inf inf inf inf inf inf 3.001451858000000007e+06 inf inf 0.000000000000000000e+00 inf inf inf 2.972976675999999978e+06 inf
inf 4.283449802000000142e+06 inf inf inf inf inf 4.615747791000000201e+06 inf inf 5.437882786999999546e+06 inf inf inf inf inf inf inf 4.013716194000000134e+06 inf inf inf 1.810671290000000037e+06 inf inf inf inf 0.000000000000000000e+00 inf inf inf 2.936658750000000000e+06
inf inf inf inf inf inf inf inf inf inf inf inf inf inf inf inf inf inf inf inf inf inf inf inf inf inf inf inf 0.000000000000000000e+00 inf 3.575858319999999832e+06 inf
inf inf 4.638620746000000276e+06 inf inf 4.700724498999999836e+06 inf inf inf inf inf inf inf inf inf inf 2.885148731999999844e+06 inf inf inf inf inf inf inf inf inf inf inf inf 0.000000000000000000e+00 inf inf
inf inf inf inf 3.519633944999999832e+06 inf inf inf inf inf inf inf inf 4.405621325000000186e+06 inf inf inf inf inf inf inf inf inf 4.877855790000000037e+06 inf inf 2.972976675999999978e+06 inf 3.575858319999999832e+06 inf 0.000000000000000000e+00 inf
inf 4.516918979000000283e+06 inf inf inf inf inf inf inf inf inf inf inf inf inf inf inf inf inf inf inf inf 4.579831842000000179e+06 inf inf inf inf 2.936658750000000000e+06 inf inf inf 0.000000000000000000e+00

40

0.000000000000000000e+00 inf inf inf inf inf inf inf inf inf inf 2.735763615000000224e+06 3.174177938000000082e+06 2.018353239000000060e+06 inf inf inf inf inf inf inf inf inf 2.522950907999999821e+06 inf inf 3.492831401999999769e+06 inf inf inf inf inf
inf 0.000000000000000000e+00 inf inf inf 4.882752361999999732e+06 inf inf inf inf inf inf inf inf inf inf 3.957781953999999911e+06 inf inf inf inf inf 4.513541855999999680e+06 inf inf inf inf 4.239335924999999814e+06 inf inf inf 4.481176550999999978e+06
inf inf 0.000000000000000000e+00 inf inf inf inf inf inf inf inf inf inf inf inf inf 4.816179469999999739e+06 inf inf inf inf inf inf inf inf inf inf inf inf 4.745926230000000447e+06 inf inf
inf inf inf 0.000000000000000000e+00 inf inf inf 4.407345412999999709e+06 inf inf inf inf inf inf inf inf inf inf inf inf 5.432112320000000298e+06 inf inf inf inf inf inf inf inf inf inf inf
inf inf inf inf 0.000000000000000000e+00 inf inf inf inf inf inf inf inf 4.537459019000000320e+06 inf inf inf inf inf inf inf inf inf inf inf inf 3.458765476999999955e+06 inf inf inf 3.389232131000000052e+06 inf
inf 4.882752361999999732e+06 inf inf inf 0.000000000000000000e+00 3.609060819999999832e+06 inf inf inf 4.880649879999999888e+06 inf inf inf inf inf 4.940524066999999806e+06 3.637939419000000227e+06 inf 2.800730013999999966e+06 inf inf inf inf inf inf inf inf inf 4.699314344999999739e+06 inf inf
inf inf inf inf inf 3.609060819999999832e+06 0.000000000000000000e+00 inf inf inf 1.648765142999999924e+06 inf inf inf inf inf inf 4.887344199999999837e+05 4.079689455000000075e+06 2.061489716999999946e+06 inf inf 4.990595830000000075e+06 inf 3.681560345000000205e+06 inf inf inf inf inf inf inf
inf inf inf 4.407345412999999709e+06 inf inf inf 0.000000000000000000e+00 inf inf 5.247449423000000417e+06 inf inf inf inf inf inf inf 3.007505223999999929e+06 inf inf inf 4.016431887999999803e+06 inf 5.020540138000000268e+06 inf inf 4.616726838999999687e+06 inf inf inf inf
inf inf inf inf inf inf inf inf 0.000000000000000000e+00 inf inf 4.644593260999999940e+06 4.016581297999999952e+06 inf inf inf inf inf inf inf 1.940369996999999974e+06 inf inf inf inf 4.164253151999999769e+06 inf inf inf inf inf inf
inf inf inf inf inf inf inf inf inf 0.000000000000000000e+00 inf inf inf inf inf inf inf inf inf inf inf inf inf inf inf 3.159457518999999855e+06 inf inf inf inf inf inf
inf inf inf inf inf 4.880649879999999888e+06 1.648765142999999924e+06 5.247449423000000417e+06 inf inf 0.000000000000000000e+00 inf inf inf inf inf inf 1.353118574000000022e+06 2.478658078999999911e+06 3.669895677000000142e+06 inf inf 3.728451390000000130e+06 inf 3.099675322999999858e+06 inf inf 5.435840074000000022e+06 inf inf inf inf
2.735763615000000224e+06 inf inf inf inf inf inf inf 4.644593260999999940e+06 inf inf 0.000000000000000000e+00 6.816790590000000084e+05 4.208155189000000246e+06 inf inf inf inf inf inf inf inf inf 5.060045537999999709e+06 inf 4.868480531999999657e+06 inf inf inf inf inf inf
3.174177938000000082e+06 inf inf inf inf inf inf inf 4.016581297999999952e+06 inf inf 6.816790590000000084e+05 0.000000000000000000e+00 4.776148287999999709e+06 inf inf inf inf inf inf inf inf inf inf inf 4.649094750000000000e+06 inf inf inf inf inf inf
2.018353239000000060e+06 inf inf inf 4.537459019000000320e+06 inf inf inf inf inf inf 4.208155189000000246e+06 4.776148287999999709e+06 0.000000000000000000e+00 inf inf inf inf inf inf inf inf inf 2.245415348999999929e+06 inf inf 1.502816571999999927e+06 inf inf inf 4.297469616999999620e+06 inf
inf inf inf inf inf inf inf inf inf inf inf inf inf inf 0.000000000000000000e+00 1.642756466000000015e+06 inf inf inf inf inf 3.156431214000000153e+06 inf 4.358177623999999836e+06 inf inf inf inf inf inf inf inf
inf inf inf inf inf inf inf inf inf inf inf inf inf inf 1.642756466000000015e+06 0.000000000000000000e+00 inf inf inf inf inf 1.922450834999999963e+06 inf inf inf inf inf inf inf inf inf inf
inf 3.957781953999999911e+06 4.816179469999999739e+06 inf inf 4.940524066999999806e+06 inf inf inf inf inf inf inf inf inf inf 0.000000000000000000e+00 inf inf inf inf inf inf inf inf inf inf inf inf 2.878699836999999825e+06 inf inf
inf inf inf inf inf 3.637939419000000227e+06 4.887344199999999837e+05 inf inf inf 1.353118574000000022e+06 inf inf inf inf inf inf 0.000000000000000000e+00 3.734366233000000007e+06 2.455298455000000075e+06 inf inf 4.532721213000000454e+06 inf 3.803052813999999780e+06 inf inf inf inf inf inf inf
inf inf inf inf inf inf 4.079689455000000075e+06 3.007505223999999929e+06 inf inf 2.478658078999999911e+06 inf inf inf inf inf inf 3.734366233000000007e+06 0.000000000000000000e+00 inf inf inf 2.273572435000000056e+06 inf 3.789214930999999866e+06 inf inf 3.896478640999999829e+06 inf inf inf inf
inf inf inf inf inf 2.800730013999999966e+06 2.061489716999999946e+06 inf inf inf 3.669895677000000142e+06 inf inf inf inf inf inf 2.455298455000000075e+06 inf 0.000000000000000000e+00 inf inf inf inf 4.811740269000000320e+06 inf inf inf inf inf inf inf
inf inf inf 5.432112320000000298e+06 inf inf inf inf 1.940369996999999974e+06 inf inf inf inf inf inf inf inf inf inf inf 0.000000000000000000e+00 inf inf inf inf 5.279596095999999903e+06 inf inf inf inf inf inf
inf inf inf inf inf inf inf inf inf inf inf inf inf inf 3.156431214000000153e+06 1.922450834999999963e+06 inf inf inf inf inf 0.000000000000000000e+00 inf inf inf inf inf inf inf inf inf inf
inf 4.513541855999999680e+06 inf inf inf inf 4.990595830000000075e+06 4.016431887999999803e+06 inf inf 3.728451390000000130e+06 inf inf inf inf inf inf 4.532721213000000454e+06 2.273572435000000056e+06 inf inf inf 0.000000000000000000e+00 inf inf inf inf 1.810730638999999966e+06 inf inf inf 4.571477122000000440e+06
2.522950907999999821e+06 inf inf inf inf inf inf inf inf inf inf 5.060045537999999709e+06 inf 2.245415348999999929e+06 4.358177623999999836e+06 inf inf inf inf inf inf inf inf 0.000000000000000000e+00 inf inf 2.941268072000000160e+06 inf inf inf 4.713879491999999620e+06 inf
inf inf inf inf inf inf 3.681560345000000205e+06 5.020540138000000268e+06 inf inf 3.099675322999999858e+06 inf inf inf inf inf inf 3.803052813999999780e+06 3.789214930999999866e+06 4.811740269000000320e+06 inf inf inf inf 0.000000000000000000e+00 inf inf inf inf inf inf inf
inf inf inf inf inf inf inf inf 4.164253151999999769e+06 3.159457518999999855e+06 inf 4.868480531999999657e+06 4.649094750000000000e+06 inf inf inf inf inf inf inf 5.279596095999999903e+06 inf inf inf inf 0.000000000000000000e+00 inf inf inf inf inf inf
3.492831401999999769e+06 inf inf inf 3.458765476999999955e+06 inf inf inf inf inf inf inf inf 1.502816571999999927e+06 inf inf inf inf inf inf inf inf inf 2.941268072000000160e+06 inf inf 0.000000000000000000e+00 inf inf inf 2.914044098999999929e+06 inf
inf 4.239335924999999814e+06 inf inf inf inf inf 4.616726838999999687e+06 inf inf 5.435840074000000022e+06 inf inf inf inf inf inf inf 3.896478640999999829e+06 inf inf inf 1.810730638999999966e+06 inf inf inf inf 0.000000000000000000e+00 inf inf inf 2.927712941000000108e+06
inf inf inf inf inf inf inf inf inf inf inf inf inf inf inf inf inf inf inf inf inf inf inf inf inf inf inf inf 0.000000000000000000e+00 inf 3.788068961000000127e+06 inf
inf inf 4.745926230000000447e+06 inf inf 4.699314344999999739e+06 inf inf inf inf inf inf inf inf inf inf 2.878699836999999825e+06 inf inf inf inf inf inf inf inf inf inf inf inf 0.000000000000000000e+00 inf inf
inf inf inf inf 3.389232131000000052e+06 inf inf inf inf inf inf inf inf 4.297469616999999620e+06 inf inf inf inf inf inf inf inf inf 4.713879491999999620e+06 inf inf 2.914044098999999929e+06 inf 3.788068961000000127e+06 inf 0.000000000000000000e+00 inf
inf 4.481176550999999978e+06 inf inf inf inf inf inf inf inf inf inf inf inf inf inf inf inf inf inf inf inf 4.571477122000000440e+06 inf inf inf inf 2.927712941000000108e+06 inf inf inf 0.000000000000000000e+00

50

0.000000000000000000e+00 inf inf inf inf inf inf inf inf inf inf 2.656194462999999989e+06 3.290616655999999959e+06 1.948292027000000002e+06 inf inf inf inf inf inf inf inf inf 2.424566444999999832e+06 inf inf 3.301211910000000149e+06 inf inf inf inf inf
inf 0.000000000000000000e+00 inf inf inf 4.837082885999999940e+06 inf inf inf inf inf inf inf inf inf inf 3.950725899000000209e+06 inf inf inf inf inf 4.476690984000000171e+06 inf inf inf inf 4.194878173999999650e+06 inf inf inf 4.444920752000000328e+06
inf inf 0.000000000000000000e+00 inf inf inf inf inf inf inf inf inf inf inf inf inf 4.722369597000000067e+06 inf inf inf inf inf inf inf inf inf inf inf inf 4.678057280000000261e+06 inf inf
inf inf inf 0.000000000000000000e+00 inf inf inf 4.419301305999999866e+06 inf inf inf inf inf inf inf inf inf inf inf inf 5.443614627000000328e+06 inf inf inf inf inf inf inf inf inf inf inf
inf inf inf inf 0.000000000000000000e+00 inf inf inf inf inf inf inf inf 4.545368019000000320e+06 inf inf inf inf inf inf inf inf inf inf inf inf 3.506959774000000209e+06 inf inf inf 3.281490787000000011e+06 inf
inf 4.837082885999999940e+06 inf inf inf 0.000000000000000000e+00 3.591311354999999981e+06 inf inf inf 4.813022247000000440e+06 inf inf inf inf inf 4.925522246000000276e+06 3.630087476999999955e+06 inf 2.771088367000000086e+06 inf inf inf inf inf inf inf inf inf 4.697897183000000194e+06 inf inf
inf inf inf inf inf 3.591311354999999981e+06 0.000000000000000000e+00 inf inf inf 1.539736328999999911e+06 inf inf inf inf inf inf 4.811959000000000233e+05 4.070183717999999877e+06 2.061324195000000065e+06 inf inf 4.864705923000000417e+06 inf 3.706411268000000156e+06 inf inf inf inf inf inf inf
inf inf inf 4.419301305999999866e+06 inf inf inf 0.000000000000000000e+00 inf inf 5.338992593999999575e+06 inf inf inf inf inf inf inf 3.008377149999999907e+06 inf inf inf 4.062139390000000130e+06 inf 5.088288288999999873e+06 inf inf 4.620769182000000030e+06 inf inf inf inf
inf inf inf inf inf inf inf inf 0.000000000000000000e+00 inf inf 4.872792610999999568e+06 4.019674907999999821e+06 inf inf inf inf inf inf inf 1.792529972999999998e+06 inf inf inf inf 4.216279498999999836e+06 inf inf inf inf inf inf
inf inf inf inf inf inf inf inf inf 0.000000000000000000e+00 inf inf inf inf inf inf inf inf inf inf inf inf inf inf inf 3.167659083999999799e+06 inf inf inf inf inf inf
inf inf inf inf inf 4.813022247000000440e+06 1.539736328999999911e+06 5.338992593999999575e+06 inf inf 0.000000000000000000e+00 inf inf inf inf inf inf 1.263698911000000080e+06 2.582868944999999832e+06 3.557249887000000104e+06 inf inf 3.726021716000000015e+06 inf 3.114643686000000220e+06 inf inf 5.433832706000000238e+06 inf inf inf inf
2.656194462999999989e+06 inf inf inf inf inf inf inf 4.872792610999999568e+06 inf inf 0.000000000000000000e+00 9.257700050000000047e+05 4.051590669000000227e+06 inf inf inf inf inf inf inf inf inf 4.890242718999999575e+06 inf 4.887388189000000246e+06 5.207657752000000328e+06 inf inf inf inf inf
3.290616655999999959e+06 inf inf inf inf inf inf inf 4.019674907999999821e+06 inf inf 9.257700050000000047e+05 0.000000000000000000e+00 4.844948957000000402e+06 inf inf inf inf inf inf inf inf inf inf inf 4.583194699000000022e+06 inf inf inf inf inf inf
1.948292027000000002e+06 inf inf inf 4.545368019000000320e+06 inf inf inf inf inf inf 4.051590669000000227e+06 4.844948957000000402e+06 0.000000000000000000e+00 inf inf inf inf inf inf inf inf inf 2.250441177000000142e+06 inf inf 1.377874439999999944e+06 inf inf inf 4.116510882000000216e+06 inf
inf inf inf inf inf inf inf inf inf inf inf inf inf inf 0.000000000000000000e+00 1.643209382999999914e+06 inf inf inf inf inf 3.226788188999999780e+06 inf 4.355897161999999546e+06 inf inf inf inf inf inf inf inf
inf inf inf inf inf inf inf inf inf inf inf inf inf inf 1.643209382999999914e+06 0.000000000000000000e+00 inf inf inf inf inf 1.969487506999999983e+06 inf inf inf inf inf inf inf inf inf inf
inf 3.950725899000000209e+06 4.722369597000000067e+06 inf inf 4.925522246000000276e+06 inf inf inf inf inf inf inf inf inf inf 0.000000000000000000e+00 inf inf inf inf inf inf inf inf inf inf inf inf 2.871972498999999836e+06 inf inf
inf inf inf inf inf 3.630087476999999955e+06 4.811959000000000233e+05 inf inf inf 1.263698911000000080e+06 inf inf inf inf inf inf 0.000000000000000000e+00 3.727148350000000093e+06 2.452493910000000149e+06 inf inf 4.410744137000000104e+06 inf 3.829618516999999993e+06 inf inf inf inf inf inf inf
inf inf inf inf inf inf 4.070183717999999877e+06 3.008377149999999907e+06 inf inf 2.582868944999999832e+06 inf inf inf inf inf inf 3.727148350000000093e+06 0.000000000000000000e+00 inf inf inf 2.233642870999999810e+06 inf 3.852197128000000026e+06 inf inf 3.832803399999999907e+06 inf inf inf inf
inf inf inf inf inf 2.771088367000000086e+06 2.061324195000000065e+06 inf inf inf 3.557249887000000104e+06 inf inf inf inf inf inf 2.452493910000000149e+06 inf 0.000000000000000000e+00 inf inf inf inf 4.797120682000000030e+06 inf inf inf inf inf inf inf
inf inf inf 5.443614627000000328e+06 inf inf inf inf 1.792529972999999998e+06 inf inf inf inf inf inf inf inf inf inf inf 0.000000000000000000e+00 inf inf inf inf 5.271976276999999769e+06 inf inf inf inf inf inf
inf inf inf inf inf inf inf inf inf inf inf inf inf inf 3.226788188999999780e+06 1.969487506999999983e+06 inf inf inf inf inf 0.000000000000000000e+00 inf inf inf inf inf inf inf inf inf inf
inf 4.476690984000000171e+06 inf inf inf inf 4.864705923000000417e+06 4.062139390000000130e+06 inf inf 3.726021716000000015e+06 inf inf inf inf inf inf 4.410744137000000104e+06 2.233642870999999810e+06 inf inf inf 0.000000000000000000e+00 inf inf inf inf 1.810793310000000056e+06 inf inf inf 4.563124798000000417e+06
2.424566444999999832e+06 inf inf inf inf inf inf inf inf inf inf 4.890242718999999575e+06 inf 2.250441177000000142e+06 4.355897161999999546e+06 inf inf inf inf inf inf inf inf 0.000000000000000000e+00 inf inf 2.884001384999999776e+06 inf inf inf 4.547168347000000067e+06 inf
inf inf inf inf inf inf 3.706411268000000156e+06 5.088288288999999873e+06 inf inf 3.114643686000000220e+06 inf inf inf inf inf inf 3.829618516999999993e+06 3.852197128000000026e+06 4.797120682000000030e+06 inf inf inf inf 0.000000000000000000e+00 inf inf inf inf inf inf inf
inf inf inf inf inf inf inf inf 4.216279498999999836e+06 3.167659083999999799e+06 inf 4.887388189000000246e+06 4.583194699000000022e+06 inf inf inf inf inf inf inf 5.271976276999999769e+06 inf inf inf inf 0.000000000000000000e+00 inf inf inf inf inf inf
3.301211910000000149e+06 inf inf inf 3.506959774000000209e+06 inf inf inf inf inf inf 5.207657752000000328e+06 inf 1.377874439999999944e+06 inf inf inf inf inf inf inf inf inf 2.884001384999999776e+06 inf inf 0.000000000000000000e+00 inf inf inf 2.855358114000000060e+06 inf
inf 4.194878173999999650e+06 inf inf inf inf inf 4.620769182000000030e+06 inf inf 5.433832706000000238e+06 inf inf inf inf inf inf inf 3.832803399999999907e+06 inf inf inf 1.810793310000000056e+06 inf inf inf inf 0.000000000000000000e+00 inf inf inf 2.918764503000000026e+06
inf inf inf inf inf inf inf inf inf inf inf inf inf inf inf inf inf inf inf inf inf inf inf inf inf inf inf inf 0.000000000000000000e+00 inf 3.777606007999999914e+06 inf
inf inf 4.678057280000000261e+06 inf inf 4.697897183000000194e+06 inf inf inf inf inf inf inf inf inf inf 2.871972498999999836e+06 inf inf inf inf inf inf inf inf inf inf inf inf 0.000000000000000000e+00 inf inf
inf inf inf inf 3.281490787000000011e+06 inf inf inf inf inf inf inf inf 4.116510882000000216e+06 inf inf inf inf inf inf inf inf inf 4.547168347000000067e+06 inf inf 2.855358114000000060e+06 inf 3.777606007999999914e+06 inf 0.000000000000000000e+00 inf
inf 4.444920752000000328e+06 inf inf inf inf inf inf inf inf inf inf inf inf inf inf inf inf inf inf inf inf 4.563124798000000417e+06 inf inf inf inf 2.918764503000000026e+06 inf inf inf 0.000000000000000000e+00
