ISS (ZARYA)             
1 25544U 98067A   20105.55654365  .00006068  00000-0  11945-3 0  9990
2 25544  51.6454 303.3718 0003720 110.4372 283.2859 15.48697670222154
NSIGHT                  
1 42726U 98067MF  20105.14912095  .00441616  10801-3  47329-3 0  9993
2 42726  51.6219 188.8774 0009718 343.5869  16.4829 16.09370758165360
KESTREL EYE IIM (KE2M)  
1 42982U 98067NE  20105.12521202  .00013714  00000-0  12365-3 0  9994
2 42982  51.6346 249.4215 0003355 208.4962 151.5852 15.68495408140974
ASTERIA                 
1 43020U 98067NH  20104.99827116  .00556344  16853-3  60418-3 0  9994
2 43020  51.6421 202.6781 0006436   0.8546 359.2478 16.09221947137356
DELLINGR (RBLE)         
1 43021U 98067NJ  20105.01644139  .00015537  00000-0  13596-3 0  9994
2 43021  51.6358 248.7616 0001396 177.1588 182.9417 15.69108872136740
1KUNS-PF                
1 43466U 98067NP  20104.77679489  .00123372  00000-0  41117-3 0  9992
2 43466  51.6279 233.3318 0005068 310.8933  49.1633 15.89351184110186
UBAKUSAT                
1 43467U 98067NQ  20105.03451580  .00028078  00000-0  21122-3 0  9994
2 43467  51.6333 252.5366 0000621 180.1125 179.9873 15.72316660109969
CUBERRT                 
1 43546U 98067NU  20104.81264532  .00019106  00000-0  15250-3 0  9993
2 43546  51.6346 252.5760 0003196 202.1369 157.9492 15.71163103100071
TEMPEST-D               
1 43547U 98067NV  20104.92824212  .00006480  00000-0  79407-4 0  9999
2 43547  51.6366 277.4481 0005080 168.8833 191.2274 15.61757541 99438
RAINCUBE                
1 43548U 98067NW  20104.89777776  .00029893  00000-0  23629-3 0  9995
2 43548  51.6337 260.6185 0004139 207.8903 152.1874 15.71093434100102
HALOSAT                 
1 43549U 98067NX  20104.81001848  .00025384  00000-0  20580-3 0  9992
2 43549  51.6357 261.5937 0003559 209.9574 150.1220 15.70584135 99643
ENDUROSAT ONE           
1 43551U 98067NZ  20105.11923255  .00043717  00000-0  27734-3 0  9992
2 43551  51.6347 251.5734 0004118 233.5986 126.4635 15.76048445100218
EQUISAT                 
1 43552U 98067PA  20104.80198326  .00027404  00000-0  21624-3 0  9998
2 43552  51.6358 260.0795 0004673 215.2988 144.7700 15.71183213100032
RADSAT-G                
1 43553U 98067PB  20104.74430131  .00018981  00000-0  17622-3 0  9998
2 43553  51.6400 266.5783 0005158 201.8176 158.2602 15.67468834 99991
1998-067PC              
1 43554U 98067PC  20104.77845093  .00048708  00000-0  29018-3 0  9991
2 43554  51.6312 251.5315 0004545 238.8921 121.1633 15.77424283 99721
AEROCUBE 12A            
1 43556U 18046C   20104.82618188  .00001290  00000-0  56721-4 0  9998
2 43556  51.6411  56.0437 0008894  65.7118 294.4790 15.29600640 97481
AEROCUBE 12B            
1 43557U 18046D   20105.07157032  .00001987  00000-0  81233-4 0  9992
2 43557  51.6431  55.4225 0008818  66.3843 293.8062 15.29349952 97469
LEMUR-2-VU              
1 43558U 18046E   20104.84015297  .00002348  00000-0  89989-4 0  9991
2 43558  51.6423  53.2119 0008140  67.6687 292.5156 15.30718197 97516
LEMUR-2-ALEXANDER       
1 43559U 18046F   20104.87558393  .00003049  00000-0  11277-3 0  9997
2 43559  51.6415  52.7100 0008083  68.5992 291.5851 15.30854881 97306
LEMUR-2-YUASA           
1 43560U 18046G   20105.05233054  .00003418  00000-0  12572-3 0  9993
2 43560  51.6425  52.3713 0008260  81.0820 279.1096 15.30649721 97546
LEMUR-2-TOMHENDERSON    
1 43561U 18046H   20104.86303548  .00003014  00000-0  11271-3 0  9995
2 43561  51.6420  53.3579 0008375  79.4627 280.7297 15.30522088 97071
SIRIUSSAT-1             
1 43595U 98067PG  20104.85354169  .00031866  00000-0  25034-3 0  9995
2 43595  51.6323 262.5430 0002329 200.9959 159.0944 15.71211524 94857
SIRIUSSAT-2             
1 43596U 98067PH  20104.84733367  .00032046  00000-0  25293-3 0  9994
2 43596  51.6333 263.3204 0002665 194.5571 165.5350 15.71096773 94847
TANUSHA-3               
1 43597U 98067PJ  20104.79634075  .00056721  00000-0  32834-3 0  9990
2 43597  51.6308 254.5436 0002662 247.1393 112.9327 15.78014374 94959
1998-067PK              
1 43598U 98067PK  20104.78146153  .00063138  00000-0  34908-3 0  9999
2 43598  51.6296 253.7290 0002869 252.2581 107.8107 15.78993735 94967
1998-067PN              
1 43638U 98067PN  20104.77668905  .00012292  00000-0  13927-3 0  9990
2 43638  51.6362 278.6711 0002405 153.3748 206.7370 15.62832015 86566
1998-067PP              
1 43639U 98067PP  20104.92481425  .00020951  00000-0  19984-3 0  9998
2 43639  51.6361 271.4220 0003838 162.6807 197.4321 15.66726612 86675
STARS-ME                
1 43640U 98067PQ  20104.74233453  .00015112  00000-0  16081-3 0  9994
2 43640  51.6352 276.1621 0004449 150.1852 209.9397 15.64230745 86593
ISS DEB (SEDA-AP)       
1 43870U 98067PU  20105.00918049  .00004306  00000-0  64376-4 0  9994
2 43870  51.6427 289.2627 0004675 159.6010 200.5185 15.57369586 74602
CATSAT-2                
1 44029U 98067PV  20104.91952266  .00016806  00000-0  18499-3 0  9991
2 44029  51.6383 282.6902 0004219 198.6635 161.4205 15.63267884 68429
DELPHINI                
1 44030U 98067PW  20104.78156789  .00020054  00000-0  21320-3 0  9991
2 44030  51.6348 282.4357 0004210 198.7482 161.3358 15.64017916 68389
UNITE                   
1 44031U 98067PX  20104.76821088  .00010874  00000-0  13716-3 0  9990
2 44031  51.6373 287.6458 0003266 186.1653 173.9301 15.60160738 68315
TECHEDSAT 8             
1 44032U 98067PY  20104.72313406  .00963229  51098-3  12501-2 0  9994
2 44032  51.6213 256.2443 0012656 306.1777  53.8064 16.06346217 68703
CATSAT-1                
1 44033U 98067PZ  20104.79152655  .00017146  00000-0  18863-3 0  9999
2 44033  51.6386 283.3405 0004022 196.3767 163.7098 15.63265954 68315
ISS DEB                 
1 44303U 98067QA  20104.84525537  .00004369  00000-0  73967-4 0  9998
2 44303  51.6413 300.9790 0006062  90.4470 269.7215 15.53834963 49712
ISS DEB                 
1 44304U 98067QB  20104.74560594  .00019539  00000-0  24828-3 0  9996
2 44304  51.6395 295.8172 0004635  79.5565 280.5950 15.59393606 49789
ISS DEB                 
1 44305U 98067QC  20105.12046987  .00023634  00000-0  27723-3 0  9993
2 44305  51.6359 291.4674 0003897 145.2064 214.9185 15.61367915 49871
ISS DEB                 
1 44306U 98067QD  20104.80302725  .00005618  00000-0  93009-4 0  9996
2 44306  51.6399 301.4045 0007359  86.6355 273.5477 15.53826929 49712
RAAVANA-1               
1 44329U 98067QE  20104.83081350  .00010787  00000-0  15484-3 0  9995
2 44329  51.6392 297.8557 0006588 123.0946 237.0679 15.56681615 46935
UGUISU                  
1 44330U 98067QF  20104.96861203  .00011448  00000-0  16429-3 0  9999
2 44330  51.6391 297.2727 0006550 122.5325 237.6300 15.56616506 46937
NEPALISAT-1             
1 44331U 98067QG  20104.82438751  .00011022  00000-0  15790-3 0  9991
2 44331  51.6389 297.8123 0006616 124.3815 235.7803 15.56709451 46926
SPOOQY-1                
1 44332U 98067QH  20104.82436830  .00011019  00000-0  15827-3 0  9995
2 44332  51.6389 297.8090 0005578 126.7610 233.3894 15.56643638 46888
PINOT                   
1 44364U 98067QJ  20104.89772507  .00004665  00000-0  79061-4 0  9991
2 44364  51.6483 301.3025 0007976  88.5692 271.6211 15.53623096 45303
IOD-1 GEMS              
1 44385U 98067QK  20104.83110294  .00016757  00000-0  22285-3 0  9997
2 44385  51.6403 297.1447 0002605  93.5235 266.6055 15.58306869 44413
SWIATOWID               
1 44426U 98067QL  20105.08369538  .00020321  00000-0  26337-3 0  9992
2 44426  51.6412 295.6363 0003269  93.6655 352.8822 15.58844324 44461
KRAKSAT                 
1 44427U 98067QM  20104.83276128  .00007891  00000-0  12211-3 0  9990
2 44427  51.6409 300.1482 0003792  81.5910 278.5511 15.55071274 44421
VCC A                   
1 44428U 98067QN  20104.79828111  .00010371  00000-0  15236-3 0  9998
2 44428  51.6413 299.1718 0003084 104.0634 256.0701 15.56110241 44436
ENTRYSAT                
1 44429U 98067QP  20104.73980933  .00012768  00000-0  18094-3 0  9991
2 44429  51.6391 298.7650 0002730  98.2604 261.8698 15.56849641 44432
VCC C                   
1 44430U 98067QQ  20104.94822761  .00016724  00000-0  22749-3 0  9998
2 44430  51.6394 297.1672 0002727 111.6422 248.4861 15.57703197 43290
VCC B                   
1 44431U 98067QR  20104.79936820  .00010544  00000-0  15464-3 0  9994
2 44431  51.6400 299.1702 0003237 102.8297 257.3057 15.56133581 44373
SOYUZ-MS 15             
1 44550U 19064A   20104.53423245  .00000654  00000-0  20228-4 0  9996
2 44550  51.6439 308.4269 0003982 113.4287 336.8625 15.48689137221996
ISS DEB                 
1 44788U 98067QT  20104.72851952  .00015524  00000-0  24323-3 0  9991
2 44788  51.6430 304.6705 0006287 120.9501 239.2052 15.53891680 23327
ISS DEB                 
1 44789U 98067QU  20104.81263777  .00016448  00000-0  26035-3 0  9992
2 44789  51.6434 304.4999 0007365 126.1672 234.0087 15.53551048 23322
RWASAT-1                
1 44790U 98067QV  20104.80171914 -.00000475  00000-0  00000+0 0  9998
2 44790  51.6432 304.9261 0009137 134.3243 340.2378 15.52176670 22586
AQT-D                   
1 44791U 98067QW  20104.99871130  .00005010  00000-0  90003-4 0  9992
2 44791  51.6414 304.2302 0003295 111.1208 249.0134 15.51777102 22615
NARSSCUBE-1             
1 44792U 98067QX  20104.96872945  .00009045  00000-0  15159-3 0  9995
2 44792  51.6410 304.0293 0006124 131.8175 228.3339 15.52623617 22614
PROGRESS-MS 13          
1 44833U 19085A   20104.53423245  .00000654  00000-0  20228-4 0  9993
2 44833  51.6439 308.4269 0003982 113.4287 336.8625 15.48689137221990
STPSAT-4                
1 45043U 98067QY  20104.89083627  .00002278  00000-0  48622-4 0  9991
2 45043  51.6487 306.4912 0006666 128.6737 231.4848 15.49561644 11818
CYGNUS NG-13            
1 45175U 20011A   20104.53423245  .00000654  00000-0  20228-4 0  9994
2 45175  51.6439 308.4269 0003982 113.4287 336.8625 15.48689137221990
HARP                    
1 45256U 98067QZ  20104.99799043  .00006167  00000-0  11423-3 0  9993
2 45256  51.6421 305.7193 0008242 119.9104 240.2705 15.50420886  8504
1998-067RA              
1 45257U 98067RA  20104.80280654  .00005180  00000-0  97222-4 0  9993
2 45257  51.6420 306.6657 0008921 122.2540 237.9314 15.50419886  8477
PHOENIX                 
1 45258U 98067RB  20104.99813990  .00004725  00000-0  89695-4 0  9998
2 45258  51.6416 305.7180 0006894 105.4661 254.7089 15.50328669  8472
1998-067RC              
1 45259U 98067RC  20104.86699527  .00007117  00000-0  13003-3 0  9990
2 45259  51.6418 306.3440 0008242 121.0207 239.1593 15.50539589  8483
CRYOCUBE                
1 45260U 98067RD  20104.86160171  .00006990  00000-0  12721-3 0  9994
2 45260  51.6419 306.3084 0009018 119.7920 240.3967 15.50681364  8497
1998-067RE              
1 45261U 98067RE  20104.85978368  .00008936  00000-0  15961-3 0  9990
2 45261  51.6417 306.2962 0008833 120.8840 239.3019 15.50820761  8489
RADSAT-U                
1 45262U 98067RF  20104.80131223  .00005219  00000-0  97775-4 0  9992
2 45262  51.6422 306.6568 0007639 153.4270 206.7112 15.50462778  8486
QARMAN                  
1 45263U 98067RG  20104.80708912  .00007025  00000-0  12938-3 0  9992
2 45263  51.6418 306.6934 0008261 117.7819 242.4009 15.50335784  8504
SORTIE                  
1 45264U 98067RH  20104.81150302  .00003584  00000-0  70561-4 0  9991
2 45264  51.6422 306.7240 0008390 126.3199 233.8566 15.50083075  8472
ICS-EF (ISS DEB)        
1 45265U 98067RJ  20104.83023488  .00002001  00000-0  43814-4 0  9992
2 45265  51.6425 306.8462 0006165 126.7058 233.4497 15.49472121  8155
SOYUZ-MS 16             
1 45476U 20023A   20104.53423245  .00000654  00000-0  20228-4 0  9991
2 45476  51.6439 308.4269 0003982 113.4287 336.8625 15.48689137221994
SL-4 R/B                
1 45477U 20023B   20103.82108581  .17186927  12607-4  25144-3 0  9993
2 45477  51.6454 309.8615 0002509 150.3265 210.5181 16.48711581   576
